000 000 000 000 000 000 000 000 000 000 000 000 000 000 000 000 000 000 000 000 000 000 000 000 000 000 000 000 000 000 000 000
000 000 000 000 000 000 000 000 000 000 000 000 000 000 000 000 000 000 000 000 000 000 000 000 000 000 000 000 000 000 000 000
000 000 000 000 000 000 000 000 000 000 000 000 000 000 000 000 000 000 000 000 000 000 000 000 000 000 000 000 000 000 000 000
000 000 000 000 000 000 000 000 000 000 000 000 000 000 000 000 ddc 999 ccc 000 000 000 000 000 000 000 000 000 000 000 000 000
000 000 000 000 000 000 000 000 000 000 000 000 000 000 000 eee 555 000 445 ddd 000 000 000 000 000 000 000 000 000 000 000 000
000 000 000 000 000 000 000 000 000 000 000 000 000 000 000 889 110 330 110 111 000 000 000 000 000 000 000 000 000 000 000 000
000 000 000 000 000 000 000 000 000 000 000 000 000 000 000 889 440 dd0 770 000 888 000 000 000 000 000 000 000 000 000 000 000
000 000 000 000 000 000 000 000 000 000 000 000 000 000 000 889 770 ff0 ee0 bb0 000 777 000 000 000 000 000 000 000 000 000 000
000 000 000 000 000 000 000 000 000 000 000 000 000 000 000 889 880 ff0 ff0 ff0 990 000 888 000 000 000 000 000 000 000 000 000
000 000 000 000 000 000 000 000 000 000 000 000 000 000 000 889 880 ff0 ff0 ff0 cc0 330 888 000 000 000 000 000 000 000 000 000
000 000 000 000 000 000 000 000 000 000 000 000 000 eee 555 333 220 550 aa0 ff0 ff0 770 223 ccc 000 000 000 000 000 000 000 000
000 000 000 000 000 000 000 000 000 000 000 000 000 444 777 444 ccc ccd 877 440 ff0 cc0 330 99a 000 000 000 000 000 000 000 000
000 000 000 000 000 000 000 000 000 000 000 000 000 000 333 111 bbb 000 889 000 ff0 dd0 550 99a 000 000 000 000 000 000 000 000
000 000 000 000 000 000 000 000 000 000 000 000 000 777 666 333 99a 889 775 880 ee0 a90 550 99a 000 000 000 000 000 000 000 000
000 000 000 000 000 000 000 000 000 000 000 000 000 000 556 330 990 990 770 670 440 440 660 99a 000 000 000 000 000 000 000 000
000 000 000 000 000 000 000 000 000 000 000 000 000 000 bbc 220 991 891 750 600 500 450 660 99a 000 000 000 000 000 000 000 000
000 000 000 000 000 000 000 000 000 000 000 000 000 000 ccc 111 100 300 900 f00 900 670 650 99a 000 000 000 000 000 000 000 000
000 000 000 000 000 000 000 000 000 000 000 000 000 000 000 9aa 900 b00 800 800 770 ee0 550 99a 000 000 000 000 000 000 000 000
000 000 000 000 000 000 000 000 000 000 000 000 000 000 ddd 333 200 870 890 9a0 ff0 dd0 550 99a 000 000 000 000 000 000 000 000
000 000 000 000 000 000 eee 333 333 888 000 000 000 000 aab 440 cd0 ff0 ff0 ff0 ff0 dd0 550 99a 000 000 ccc 333 333 aaa 000 000
000 000 000 000 000 000 333 eee 999 000 aaa 000 000 000 99a 550 ff0 ff0 ff0 ff0 dd0 990 000 abb 000 656 222 888 eee 555 bbb 000
000 000 000 000 000 000 222 000 ddd 111 999 000 000 eee 333 880 ff0 ff0 ff0 ff0 cc0 550 445 eee 000 555 222 ccc 000 555 bbb 000
000 000 000 000 000 000 111 000 bbb 000 aaa 000 000 ddd 220 ff0 ff0 ff0 ee0 dd0 aa0 000 888 000 000 555 111 aaa 000 555 bbb 000
000 000 000 000 000 000 ccc 333 222 000 111 333 ddd 222 440 ff0 ff0 dd0 dd0 dd0 990 000 111 bbb 555 111 000 222 333 999 000 000
000 000 000 000 000 000 000 efe 000 000 777 222 334 000 770 ff0 ee0 dd0 cc0 990 000 888 999 333 222 bbb 000 000 efe 000 000 000
000 000 000 000 000 000 000 000 000 000 000 000 aaa 110 bb0 ff0 a90 770 330 000 999 000 000 000 000 000 000 000 000 000 000 000
000 000 000 000 000 000 000 000 000 000 999 555 000 000 000 650 110 667 556 000 999 000 000 000 000 000 000 000 000 000 000 000
000 000 000 000 000 000 000 000 000 000 555 000 323 333 333 223 222 ddd ccc 222 222 000 000 000 000 000 000 000 000 000 000 000
000 000 000 000 000 000 000 000 ddd 666 212 000 666 000 000 000 000 000 000 eee 000 666 555 ddd 000 000 000 000 000 000 000 000
000 000 000 000 000 000 000 eee 888 555 666 666 666 888 bbb 000 000 bbb 999 888 666 666 555 888 eee 000 000 000 000 000 000 000
000 000 000 000 000 000 000 bbb 444 000 000 000 000 777 333 000 000 333 222 aaa 000 000 000 444 bbb 000 000 000 000 000 000 000
000 000 000 000 000 000 000 000 999 333 333 333 333 555 ddd 000 000 ddd 999 444 333 333 333 999 000 000 000 000 000 000 000 000
000 000 000 000 000 000 000 000 000 000 000 000 000 000 000 887 220 999 eee 000 000 000 000 000 000 000 000 000 000 000 000 000
000 000 000 000 000 000 000 000 000 000 000 000 000 000 aab 330 bb0 220 555 000 000 000 000 000 000 000 000 000 000 000 000 000
000 000 000 000 000 000 000 000 000 000 000 000 000 000 bbb 330 aa0 220 444 ddd 000 000 000 000 000 000 000 000 000 000 000 000
000 000 000 000 000 000 000 000 000 000 000 000 000 000 667 540 dd0 670 330 333 000 000 000 000 000 000 000 000 000 000 000 000
000 000 000 000 000 000 000 000 000 000 000 000 000 ddd 000 980 ff0 dd0 660 001 ddd 000 000 000 000 000 000 000 000 000 000 000
000 000 000 000 000 000 000 000 000 000 000 000 000 dde 440 ff0 ff0 ff0 aa0 550 323 000 000 000 000 000 000 000 000 000 000 000
000 ddd 555 555 666 eee 000 000 000 000 000 000 000 445 000 aa0 aa0 550 550 440 333 000 000 000 000 000 000 000 bbb 555 555 eee
ddd 444 ccc 666 000 222 000 000 000 000 000 eee 444 bbb ccc 776 776 bbc cbc bbb 000 777 000 000 000 000 efe 777 111 777 ccc 444
ddd 333 000 000 eee 212 eee 000 000 000 000 eee 111 ddd 555 999 999 666 777 eee 000 555 000 000 000 000 eee 444 666 000 000 111
ddd 333 000 bbb 555 101 eee 000 000 000 000 eee 111 000 ccc 889 889 ccc ddd efe 000 555 000 000 000 000 eee 444 222 ccc 000 111
efe 888 555 222 000 000 000 000 000 000 000 000 aaa 666 666 773 773 666 666 665 660 555 000 000 000 000 000 555 000 323 555 999
000 000 ccc ccc ddd 222 333 555 000 000 000 000 000 110 bb0 dd0 dd0 bb0 990 760 210 555 000 000 000 666 222 111 666 ccc ccc 000
000 000 000 000 000 000 eee 222 222 555 ccc ddd 000 100 410 300 300 410 700 900 110 666 000 444 222 222 555 000 000 000 000 000
000 000 000 000 000 000 000 000 cdc 555 111 000 777 100 a00 f00 f00 900 720 670 aa0 333 444 333 eee 000 000 000 000 000 000 000
000 000 000 000 000 000 000 000 000 000 ccc 999 888 110 870 500 500 760 cc0 ff0 990 223 999 eee 000 000 000 000 000 000 000 000
000 000 000 000 000 000 000 000 000 000 000 000 000 320 ee0 661 661 de0 ff0 ee0 990 556 000 000 000 000 000 000 000 000 000 000
000 000 000 000 000 000 000 000 000 000 000 000 eff 220 ff0 ff0 ff0 ff0 ee0 dd0 990 555 000 000 000 000 000 000 000 000 000 000
000 000 000 000 000 000 000 000 000 000 000 000 eff 220 ff0 ff0 ff0 ff0 ee0 cc0 550 445 000 000 000 000 000 000 000 000 000 000
000 000 000 000 000 000 000 000 000 000 000 000 eff 220 ff0 ff0 ff0 ff0 ee0 bb0 112 ccc 000 000 000 000 000 000 000 000 000 000
000 000 000 000 000 000 000 000 000 000 000 000 eff 220 ff0 ff0 ff0 dd0 dc0 aa0 333 000 000 000 000 000 000 000 000 000 000 000
000 000 000 000 000 000 000 000 000 000 000 000 eff 220 ff0 ff0 ff0 ed0 880 110 444 000 000 000 000 000 000 000 000 000 000 000
000 000 000 000 000 000 000 000 000 000 000 000 eff 220 ff0 ff0 ee0 aa0 550 111 bbb 000 000 000 000 000 000 000 000 000 000 000
000 000 000 000 000 000 000 000 000 000 000 000 eff 220 ff0 ee0 dd0 440 000 111 000 000 000 000 000 000 000 000 000 000 000 000
000 000 000 000 000 000 000 000 000 000 000 000 000 110 220 770 760 000 445 ddd 000 000 000 000 000 000 000 000 000 000 000 000
000 000 000 000 000 000 000 000 000 000 000 000 000 ddd 000 333 333 000 666 000 000 000 000 000 000 000 000 000 000 000 000 000
000 000 000 000 000 000 000 000 000 000 000 000 000 777 333 000 000 333 222 aaa 000 000 000 000 000 000 000 000 000 000 000 000
000 000 000 000 000 000 000 000 000 000 000 000 000 000 bbb 000 000 bbb 555 101 000 000 000 000 000 000 000 000 000 000 000 000
000 000 000 000 000 000 000 000 000 000 000 000 eee 222 000 000 000 000 aaa 111 000 000 000 000 000 000 000 000 000 000 000 000
000 000 000 000 000 000 000 000 000 bbb 555 666 666 000 999 000 000 999 333 000 666 555 bbb 000 000 000 000 000 000 000 000 000
000 000 000 000 000 000 000 eee 999 777 555 666 666 555 434 000 000 444 222 777 666 555 777 999 eee 000 000 000 000 000 000 000
000 000 000 000 000 000 000 ccc 222 ddd 000 000 000 555 333 000 000 333 222 777 000 000 ddd 222 ccc 000 000 000 000 000 000 000
000 000 000 000 000 000 000 ccc 111 333 333 333 333 ccc ddd 000 000 ddd ccc bbb 333 333 333 111 ccc 000 000 000 000 000 000 000
000 000 000 000 000 000 000 000 000 000 000 000 000 000 000 000 000 000 000 000 000 000 000 000 000 000 000 000 000 000 000 000
000 000 000 000 000 000 000 000 000 000 000 000 000 000 999 ccc 000 000 000 000 000 000 000 000 000 000 000 000 000 000 000 000
000 000 000 000 000 000 000 000 000 000 000 000 000 bbb 000 554 eee 000 000 000 000 000 000 000 000 000 000 000 000 000 000 000
000 000 000 000 000 000 000 000 000 000 000 000 000 221 990 440 999 000 000 000 000 000 000 000 000 000 000 000 000 000 000 000
000 000 000 000 000 000 000 000 000 000 000 000 ccc 000 aa0 540 889 000 000 000 000 000 000 000 000 000 000 000 000 000 000 000
000 000 000 000 000 000 000 000 000 000 000 000 101 550 dd0 770 445 eee 000 000 000 000 000 000 000 000 000 000 000 000 000 000
000 000 000 000 000 000 000 000 000 000 999 555 000 dd0 ff0 dd0 330 aab 000 000 000 000 000 000 000 000 000 000 000 000 000 000
000 000 000 000 000 000 000 000 000 000 555 000 990 ee0 ff0 ff0 550 aab 000 000 000 000 000 000 000 000 000 000 000 000 000 000
000 000 000 000 000 000 000 000 000 000 555 000 110 110 550 9a0 000 000 666 eee 000 000 000 000 000 000 000 000 000 000 000 000
000 000 000 000 000 000 000 000 000 aaa 111 111 999 aaa 887 674 aaa aaa 666 555 000 000 000 000 000 000 000 000 000 000 000 000
000 000 000 000 000 000 000 000 000 888 000 333 eee 888 bbb 666 aaa ddd 999 111 000 000 000 000 000 000 000 000 000 000 000 000
000 ccc 333 888 000 000 000 000 000 888 000 333 dee ccc aaa 665 ccd eee 888 222 000 000 000 666 333 333 666 000 000 000 000 000
ddd 333 000 999 444 111 eee 000 000 778 550 891 230 441 880 bb0 440 110 655 000 000 000 777 222 ccc 000 ccc aaa 000 000 000 000
ddd 323 000 ddd aaa 111 eee 000 000 888 000 100 c50 9a0 9a0 990 9a0 220 555 000 000 000 777 666 000 000 ddd 999 000 000 000 000
efe 888 555 222 000 000 000 000 000 778 440 861 600 800 800 800 900 200 555 000 000 000 888 000 444 555 777 ddd 000 000 000 000
000 eee 888 999 999 101 666 000 000 778 770 cd1 771 900 f00 f00 c00 200 555 000 000 ccc 111 666 999 999 aaa 000 000 000 000 000
000 000 000 000 000 555 000 ddd 000 778 670 dd0 ef0 420 c00 c00 610 000 666 000 000 888 000 bbb 000 000 000 000 000 000 000 000
000 000 000 000 000 000 666 000 888 444 780 ee0 ee0 ee0 560 560 cc0 540 333 989 666 111 bbb 000 000 000 000 000 000 000 000 000
000 000 000 000 000 000 000 999 888 444 230 660 cc0 ff0 ff0 ff0 ff0 440 333 888 898 ccc 000 000 000 000 000 000 000 000 000 000
000 000 000 000 000 000 000 000 000 eee 444 110 cc0 ff0 ff0 ff0 ff0 440 556 000 000 000 000 000 000 000 000 000 000 000 000 000
000 000 000 000 000 000 000 000 000 000 555 100 bb0 dd0 ff0 ff0 ff0 440 556 000 000 000 000 000 000 000 000 000 000 000 000 000
000 000 000 000 000 000 000 000 000 000 999 333 440 dc0 ff0 ff0 ff0 440 556 000 000 000 000 000 000 000 000 000 000 000 000 000
000 000 000 000 000 000 000 000 000 000 000 ccc 111 cc0 dd0 ff0 ff0 440 556 000 000 000 000 000 000 000 000 000 000 000 000 000
000 000 000 000 000 000 000 000 000 000 000 eee 111 330 cc0 ee0 ff0 440 556 000 000 000 000 000 000 000 000 000 000 000 000 000
000 000 000 000 000 000 000 000 000 000 000 000 eee 000 320 660 000 000 666 000 000 000 000 000 000 000 000 000 000 000 000 000
000 000 000 000 000 000 000 000 000 000 000 000 000 111 666 556 666 111 666 000 000 000 000 000 000 000 000 000 000 000 000 000
000 000 000 000 000 000 000 000 000 000 000 efe 666 222 000 000 000 444 222 777 000 000 000 000 000 000 000 000 000 000 000 000
000 000 000 000 000 000 000 000 000 000 000 eee 000 444 000 000 000 666 111 101 000 000 000 000 000 000 000 000 000 000 000 000
000 000 000 000 000 000 000 000 000 bbb 665 555 000 000 000 000 000 000 9a9 101 666 555 bbb 000 000 000 000 000 000 000 000 000
000 000 000 000 000 000 000 eee 999 777 555 666 666 888 bbb 000 000 bbb 555 000 666 555 777 999 eee 000 000 000 000 000 000 000
000 000 000 000 000 000 000 ccc 222 ddd 000 000 000 777 333 000 000 333 333 aaa 000 000 ddd 222 ccc 000 000 000 000 000 000 000
000 000 000 000 000 000 000 ccc 111 333 333 333 333 555 ddd 000 000 ddd 999 444 333 333 333 111 ccc 000 000 000 000 000 000 000
000 000 000 000 000 000 000 000 000 000 000 000 000 000 000 000 000 000 000 000 000 000 000 000 000 000 000 000 000 000 000 000
000 000 000 000 000 000 000 000 000 000 000 000 000 000 000 000 000 000 000 000 000 000 000 000 000 000 000 000 000 000 000 000
000 000 000 000 000 000 000 000 000 000 000 000 000 000 000 000 000 000 000 000 000 000 000 000 000 000 000 000 000 000 000 000
000 000 000 000 000 000 000 000 000 000 000 000 000 000 000 000 000 000 000 000 000 000 000 000 000 000 000 000 000 000 000 000
000 000 000 000 000 000 000 000 000 000 000 000 000 000 000 000 000 000 000 000 000 000 000 000 000 000 000 000 000 000 000 000
000 000 000 000 000 000 000 000 000 000 000 000 000 000 999 ccc 000 000 000 000 000 000 000 000 000 000 000 000 000 000 000 000
000 000 000 000 000 000 000 000 000 000 000 000 000 555 000 112 bbb 000 000 000 000 000 000 000 000 000 000 000 000 000 000 000
000 000 000 000 000 000 000 000 000 000 000 000 eee 000 880 330 888 000 000 000 000 000 000 000 000 000 000 000 000 000 000 000
000 000 000 000 000 000 000 000 000 000 000 ddd 111 220 ff0 440 889 000 000 000 000 000 000 000 000 000 000 000 000 000 000 000
000 000 000 000 000 000 000 000 000 000 888 333 000 aa1 ff0 660 889 000 000 000 000 000 000 000 000 000 000 000 000 000 000 000
000 000 000 000 000 000 000 000 000 bbb 112 000 770 ff0 ff0 880 889 000 000 000 000 000 000 000 000 000 000 000 000 000 000 000
000 000 000 000 000 000 000 000 000 667 550 bb0 dd0 ff0 ff0 770 778 000 000 000 000 000 000 000 000 000 000 000 000 000 000 000
000 000 000 000 000 000 000 000 aaa 110 990 ee0 ff0 bb0 333 333 111 333 777 ddd 000 000 000 000 000 000 000 000 000 000 000 000
000 000 000 000 000 000 000 000 99a 550 dd0 dd0 ee0 222 000 ddd 333 666 555 111 000 000 000 000 000 000 000 000 000 000 000 000
000 000 000 000 000 000 000 000 99a 550 dd0 dd0 ee0 222 000 ddd 333 666 555 111 000 000 000 000 000 000 000 000 000 000 000 000
000 000 000 000 000 000 000 000 99a 550 991 881 ff0 772 877 889 333 655 988 aaa 000 000 000 000 000 000 000 000 000 000 000 000
000 000 000 000 000 000 000 000 99a 660 550 110 bc0 bb0 330 330 110 112 777 000 000 000 000 000 000 000 000 000 000 000 000 000
000 000 000 000 000 000 000 000 99a 660 440 000 500 510 9a0 aa0 330 bbb 000 000 000 000 000 000 000 000 000 000 000 000 000 000
000 000 000 000 000 000 000 000 99a 550 aa0 760 600 d00 800 300 455 eee 000 000 000 000 000 000 000 000 000 000 000 000 000 000
000 000 000 000 000 000 000 000 99a 550 de0 dd0 bc0 200 700 700 899 000 000 000 000 000 000 000 000 000 000 000 000 000 000 000
000 000 000 000 000 eee eee 000 aaa 440 dd0 dd0 ff0 ee2 ba1 200 000 ccc 000 000 000 eee eee 000 000 000 000 000 000 000 000 000
000 000 000 ddd bbb 999 888 666 999 332 990 dd0 dd0 ff0 ee0 aa0 330 777 eee 000 999 666 999 aa9 eee 000 000 000 000 000 000 000
000 000 000 998 100 bbb cdc 000 666 878 770 ed1 dc0 ff0 ff0 ff0 660 000 777 eee 000 444 eee 444 ccc 000 000 000 000 000 000 000
000 000 000 888 000 ddd 000 999 555 999 110 440 cc0 dd0 ff0 ff0 ee0 330 556 eee 222 eee 000 444 ccc 000 000 000 000 000 000 000
000 000 000 aaa 333 aaa bbb 000 555 000 555 000 990 dd0 dd0 ff0 ff0 330 445 bbb 222 555 ccc 555 ccc 000 000 000 000 000 000 000
000 000 000 000 000 777 555 444 222 ddd 666 000 000 880 dd0 dd0 ff0 990 330 111 ddd 111 555 ccc 000 000 000 000 000 000 000 000
000 000 000 000 000 000 000 000 666 222 222 111 888 000 550 880 ee0 990 330 101 444 555 000 000 000 000 000 000 000 000 000 000
000 000 000 000 000 000 000 000 ccc 000 000 111 bbb 000 000 440 bb1 220 000 000 000 444 eee 000 000 000 000 000 000 000 000 000
000 000 000 000 000 000 000 000 ddd 222 000 000 000 999 999 998 998 999 999 999 777 000 222 ddd 000 000 000 000 000 000 000 000
000 000 000 000 000 000 000 eee 888 666 666 555 000 999 bbb 000 000 bbb 999 999 888 666 666 888 eee 000 000 000 000 000 000 000
000 000 000 000 000 000 000 bbb 444 000 000 000 aaa 777 333 000 000 333 333 999 bbb 000 000 444 bbb 000 000 000 000 000 000 000
000 000 000 000 000 000 000 000 999 333 333 333 434 333 444 000 000 444 111 333 333 333 333 999 000 000 000 000 000 000 000 000
000 000 000 000 000 000 000 000 000 000 000 000 000 000 000 000 000 000 000 000 000 000 000 000 000 000 000 000 000 000 000 000
000 000 000 000 000 000 000 000 000 000 000 000 000 000 000 000 000 000 000 000 000 000 000 000 000 000 000 000 000 000 000 000
000 000 000 000 000 000 000 000 000 000 000 000 000 000 000 000 000 000 000 000 000 000 000 000 000 000 000 000 000 000 000 000
000 000 000 000 000 000 000 000 000 000 000 000 000 ccc 999 ddc 000 000 000 000 000 000 000 000 000 000 000 000 000 000 000 000
000 000 000 000 000 000 000 000 000 000 000 000 ddd 445 000 555 eee 000 000 000 000 000 000 000 000 000 000 000 000 000 000 000
000 000 000 000 000 000 000 000 000 000 000 000 111 110 330 110 889 000 000 000 000 000 000 000 000 000 000 000 000 000 000 000
000 000 000 000 000 000 000 000 000 000 000 888 000 770 dd0 440 889 000 000 000 000 000 000 000 000 000 000 000 000 000 000 000
000 000 000 000 000 000 000 000 000 000 777 000 bb0 ee0 ff0 770 889 000 000 000 000 000 000 000 000 000 000 000 000 000 000 000
000 000 000 000 000 000 000 000 000 888 000 990 ff0 ff0 ff0 880 889 000 000 000 000 000 000 000 000 000 000 000 000 000 000 000
000 000 000 000 000 000 000 000 000 888 330 cc0 ff0 ff0 ff0 880 889 000 000 000 000 000 000 000 000 000 000 000 000 000 000 000
000 000 000 000 000 000 000 000 ccc 223 770 ff0 ff0 aa0 550 220 333 555 eee 000 000 000 000 000 000 000 000 000 000 000 000 000
000 000 000 000 000 000 000 000 99a 330 cc0 ff0 440 877 ccd ccc 444 777 444 000 000 000 000 000 000 000 000 000 000 000 000 000
000 000 000 000 000 000 000 000 99a 550 dd0 ff0 000 889 000 bbb 111 333 000 000 000 000 000 000 000 000 000 000 000 000 000 000
000 000 000 000 000 000 000 000 99a 550 a90 ee0 880 775 889 99a 333 666 777 000 000 000 000 000 000 000 000 000 000 000 000 000
000 000 000 000 000 000 000 000 99a 660 440 440 670 770 990 990 330 556 000 000 000 000 000 000 000 000 000 000 000 000 000 000
000 000 000 000 000 000 000 000 99a 660 450 500 600 750 891 991 220 bbc 000 000 000 000 000 000 000 000 000 000 000 000 000 000
000 000 000 000 000 000 000 000 99a 650 670 900 f00 900 300 100 111 ccc 000 000 000 000 000 000 000 000 000 000 000 000 000 000
000 000 000 000 000 000 000 000 99a 550 ee0 770 800 800 b00 900 9aa 000 000 000 000 000 000 000 000 000 000 000 000 000 000 000
000 000 000 000 000 000 000 000 99a 550 dd0 ff0 9a0 890 870 200 333 ddd 000 000 000 000 000 000 000 000 000 000 000 000 000 000
000 000 aaa 333 333 ccc 000 000 99a 550 dd0 ff0 ff0 ff0 ff0 cd0 440 aab 000 000 000 000 888 333 333 eee 000 000 000 000 000 000
000 bbb 555 eee 888 222 656 000 abb 000 990 dd0 ff0 ff0 ff0 ff0 550 99a 000 000 000 aaa 000 999 eee 333 000 000 000 000 000 000
000 bbb 555 000 ccc 222 555 000 eee 445 550 cc0 ff0 ff0 ff0 ff0 880 333 eee 000 000 999 111 ddd 000 222 000 000 000 000 000 000
000 bbb 555 000 aaa 111 555 000 000 888 000 aa0 dd0 ee0 ff0 ff0 ff0 220 ddd 000 000 aaa 000 bbb 000 111 000 000 000 000 000 000
000 000 999 333 222 000 111 555 bbb 111 000 990 dd0 dd0 dd0 ff0 ff0 440 222 ddd 333 111 000 222 333 ccc 000 000 000 000 000 000
000 000 000 efe 000 000 bbb 222 333 999 888 000 990 cc0 dd0 ee0 ff0 770 000 334 222 777 000 000 efe 000 000 000 000 000 000 000
000 000 000 000 000 000 000 000 000 000 000 999 000 330 770 a90 ff0 bb0 110 aaa 000 000 000 000 000 000 000 000 000 000 000 000
000 000 000 000 000 000 000 000 000 000 000 999 000 556 667 110 650 000 000 000 555 999 000 000 000 000 000 000 000 000 000 000
000 000 000 000 000 000 000 000 000 000 000 222 222 ccc ddd 222 223 333 333 323 000 555 000 000 000 000 000 000 000 000 000 000
000 000 000 000 000 000 000 000 ddd 555 666 000 eee 000 000 000 000 000 000 666 000 212 666 ddd 000 000 000 000 000 000 000 000
000 000 000 000 000 000 000 eee 888 555 666 666 888 999 bbb 000 000 bbb 888 666 666 666 555 888 eee 000 000 000 000 000 000 000
000 000 000 000 000 000 000 bbb 444 000 000 000 aaa 222 333 000 000 333 777 000 000 000 000 444 bbb 000 000 000 000 000 000 000
000 000 000 000 000 000 000 000 999 333 333 333 444 999 ddd 000 000 ddd 555 333 333 333 333 999 000 000 000 000 000 000 000 000
000 000 000 000 000 000 000 000 000 000 000 000 000 eee 999 220 887 000 000 000 000 000 000 000 000 000 000 000 000 000 000 000
000 000 000 000 000 000 000 000 000 000 000 000 000 555 220 bb0 330 aab 000 000 000 000 000 000 000 000 000 000 000 000 000 000
000 000 000 000 000 000 000 000 000 000 000 000 ddd 444 220 aa0 330 bbb 000 000 000 000 000 000 000 000 000 000 000 000 000 000
000 000 000 000 000 000 000 000 000 000 000 000 333 330 670 dd0 540 667 000 000 000 000 000 000 000 000 000 000 000 000 000 000
000 000 000 000 000 000 000 000 000 000 000 ddd 001 660 dd0 ff0 980 000 ddd 000 000 000 000 000 000 000 000 000 000 000 000 000
000 000 000 000 000 000 000 000 000 000 000 323 550 aa0 ff0 ff0 ff0 440 dde 000 000 000 000 000 000 000 000 000 000 000 000 000
eee 555 555 bbb 000 000 000 000 000 000 000 333 440 550 550 aa0 aa0 000 445 000 000 000 000 000 000 000 eee 666 555 555 ddd 000
444 ccc 777 111 777 efe 000 000 000 000 777 000 bbb cbc bbc 776 776 ccc bbb 444 eee 000 000 000 000 000 222 000 666 ccc 444 ddd
111 000 000 666 444 eee 000 000 000 000 555 000 eee 777 666 999 999 555 ddd 111 eee 000 000 000 000 eee 212 eee 000 000 333 ddd
111 000 ccc 222 444 eee 000 000 000 000 555 000 efe ddd ccc 889 889 ccc 000 111 eee 000 000 000 000 eee 101 555 bbb 000 333 ddd
999 555 323 000 555 000 000 000 000 000 555 660 665 666 666 773 773 666 666 aaa 000 000 000 000 000 000 000 000 222 555 888 efe
000 ccc ccc 666 111 222 666 000 000 000 555 210 760 990 bb0 dd0 dd0 bb0 110 000 000 000 000 000 555 333 222 ddd ccc ccc 000 000
000 000 000 000 000 555 222 222 444 000 666 110 900 700 410 300 300 410 100 000 ddd ccc 555 222 222 eee 000 000 000 000 000 000
000 000 000 000 000 000 000 eee 333 444 333 aa0 670 720 900 f00 f00 a00 100 777 000 111 555 cdc 000 000 000 000 000 000 000 000
000 000 000 000 000 000 000 000 eee 999 223 990 ff0 cc0 760 500 500 870 110 888 999 ccc 000 000 000 000 000 000 000 000 000 000
000 000 000 000 000 000 000 000 000 000 556 990 ee0 ff0 de0 661 661 ee0 320 000 000 000 000 000 000 000 000 000 000 000 000 000
000 000 000 000 000 000 000 000 000 000 555 990 dd0 ee0 ff0 ff0 ff0 ff0 220 eff 000 000 000 000 000 000 000 000 000 000 000 000
000 000 000 000 000 000 000 000 000 000 445 550 cc0 ee0 ff0 ff0 ff0 ff0 220 eff 000 000 000 000 000 000 000 000 000 000 000 000
000 000 000 000 000 000 000 000 000 000 ccc 112 bb0 ee0 ff0 ff0 ff0 ff0 220 eff 000 000 000 000 000 000 000 000 000 000 000 000
000 000 000 000 000 000 000 000 000 000 000 333 aa0 dc0 dd0 ff0 ff0 ff0 220 eff 000 000 000 000 000 000 000 000 000 000 000 000
000 000 000 000 000 000 000 000 000 000 000 444 110 880 ed0 ff0 ff0 ff0 220 eff 000 000 000 000 000 000 000 000 000 000 000 000
000 000 000 000 000 000 000 000 000 000 000 bbb 111 550 aa0 ee0 ff0 ff0 220 eff 000 000 000 000 000 000 000 000 000 000 000 000
000 000 000 000 000 000 000 000 000 000 000 000 111 000 440 dd0 ee0 ff0 220 eff 000 000 000 000 000 000 000 000 000 000 000 000
000 000 000 000 000 000 000 000 000 000 000 000 ddd 445 000 760 770 220 110 000 000 000 000 000 000 000 000 000 000 000 000 000
000 000 000 000 000 000 000 000 000 000 000 000 000 666 000 333 333 000 ddd 000 000 000 000 000 000 000 000 000 000 000 000 000
000 000 000 000 000 000 000 000 000 000 000 000 aaa 222 333 000 000 333 777 000 000 000 000 000 000 000 000 000 000 000 000 000
000 000 000 000 000 000 000 000 000 000 000 000 101 555 bbb 000 000 bbb 000 000 000 000 000 000 000 000 000 000 000 000 000 000
000 000 000 000 000 000 000 000 000 000 000 000 111 aaa 000 000 000 000 222 eee 000 000 000 000 000 000 000 000 000 000 000 000
000 000 000 000 000 000 000 000 000 bbb 555 666 000 333 999 000 000 999 000 666 666 555 bbb 000 000 000 000 000 000 000 000 000
000 000 000 000 000 000 000 eee 999 777 555 666 777 222 444 000 000 434 555 666 666 555 777 999 eee 000 000 000 000 000 000 000
000 000 000 000 000 000 000 ccc 222 ddd 000 000 777 222 333 000 000 333 555 000 000 000 ddd 222 ccc 000 000 000 000 000 000 000
000 000 000 000 000 000 000 ccc 111 333 333 333 bbb ccc ddd 000 000 ddd ccc 333 333 333 333 111 ccc 000 000 000 000 000 000 000
000 000 000 000 000 000 000 000 000 000 000 000 000 000 000 000 000 000 000 000 000 000 000 000 000 000 000 000 000 000 000 000
000 000 000 000 000 000 000 000 000 000 000 000 000 000 000 000 ccc 999 000 000 000 000 000 000 000 000 000 000 000 000 000 000
000 000 000 000 000 000 000 000 000 000 000 000 000 000 000 eee 554 000 bbb 000 000 000 000 000 000 000 000 000 000 000 000 000
000 000 000 000 000 000 000 000 000 000 000 000 000 000 000 999 440 990 221 000 000 000 000 000 000 000 000 000 000 000 000 000
000 000 000 000 000 000 000 000 000 000 000 000 000 000 000 889 540 aa0 000 ccc 000 000 000 000 000 000 000 000 000 000 000 000
000 000 000 000 000 000 000 000 000 000 000 000 000 000 eee 445 770 dd0 550 101 000 000 000 000 000 000 000 000 000 000 000 000
000 000 000 000 000 000 000 000 000 000 000 000 000 000 aab 330 dd0 ff0 dd0 000 555 999 000 000 000 000 000 000 000 000 000 000
000 000 000 000 000 000 000 000 000 000 000 000 000 000 aab 550 ff0 ff0 ee0 990 000 555 000 000 000 000 000 000 000 000 000 000
000 000 000 000 000 000 000 000 000 000 000 000 eee 666 000 000 9a0 550 110 110 000 555 000 000 000 000 000 000 000 000 000 000
000 000 000 000 000 000 000 000 000 000 000 000 555 666 aaa aaa 674 887 aaa 999 111 111 aaa 000 000 000 000 000 000 000 000 000
000 000 000 000 000 000 000 000 000 000 000 000 111 999 ddd aaa 666 bbb 888 eee 333 000 888 000 000 000 000 000 000 000 000 000
000 000 000 000 000 666 333 333 666 000 000 000 222 888 eee ccd 665 aaa ccc dee 333 000 888 000 000 000 000 000 888 333 ccc 000
000 000 000 000 aaa ccc 000 ccc 222 777 000 000 000 655 110 440 bb0 880 441 230 891 550 778 000 000 eee 111 444 999 000 333 ddd
000 000 000 000 999 ddd 000 000 666 777 000 000 000 555 220 9a0 990 9a0 9a0 c50 100 000 888 000 000 eee 111 aaa ddd 000 323 ddd
000 000 000 000 ddd 777 555 444 000 888 000 000 000 555 200 900 800 800 800 600 861 440 778 000 000 000 000 000 222 555 888 efe
000 000 000 000 000 aaa 999 999 666 111 ccc 000 000 555 200 c00 f00 f00 900 771 cd1 770 778 000 000 666 101 999 999 888 eee 000
000 000 000 000 000 000 000 000 bbb 000 888 000 000 666 000 610 c00 c00 420 ef0 dd0 670 778 000 ddd 000 555 000 000 000 000 000
000 000 000 000 000 000 000 000 000 bbb 111 666 989 333 540 cc0 560 560 ee0 ee0 ee0 780 444 888 000 666 000 000 000 000 000 000
000 000 000 000 000 000 000 000 000 000 ccc 898 888 333 440 ff0 ff0 ff0 ff0 cc0 660 230 444 888 999 000 000 000 000 000 000 000
000 000 000 000 000 000 000 000 000 000 000 000 000 556 440 ff0 ff0 ff0 ff0 cc0 110 444 eee 000 000 000 000 000 000 000 000 000
000 000 000 000 000 000 000 000 000 000 000 000 000 556 440 ff0 ff0 ff0 dd0 bb0 100 555 000 000 000 000 000 000 000 000 000 000
000 000 000 000 000 000 000 000 000 000 000 000 000 556 440 ff0 ff0 ff0 dc0 440 333 999 000 000 000 000 000 000 000 000 000 000
000 000 000 000 000 000 000 000 000 000 000 000 000 556 440 ff0 ff0 dd0 cc0 111 ccc 000 000 000 000 000 000 000 000 000 000 000
000 000 000 000 000 000 000 000 000 000 000 000 000 556 440 ff0 ee0 cc0 330 111 eee 000 000 000 000 000 000 000 000 000 000 000
000 000 000 000 000 000 000 000 000 000 000 000 000 666 000 000 660 320 000 eee 000 000 000 000 000 000 000 000 000 000 000 000
000 000 000 000 000 000 000 000 000 000 000 000 000 666 111 666 556 666 111 000 000 000 000 000 000 000 000 000 000 000 000 000
000 000 000 000 000 000 000 000 000 000 000 000 777 222 444 000 000 000 222 666 efe 000 000 000 000 000 000 000 000 000 000 000
000 000 000 000 000 000 000 000 000 000 000 000 101 111 666 000 000 000 444 000 eee 000 000 000 000 000 000 000 000 000 000 000
000 000 000 000 000 000 000 000 000 bbb 555 666 101 9a9 000 000 000 000 000 000 555 665 bbb 000 000 000 000 000 000 000 000 000
000 000 000 000 000 000 000 eee 999 777 555 666 000 555 bbb 000 000 bbb 888 666 666 555 777 999 eee 000 000 000 000 000 000 000
000 000 000 000 000 000 000 ccc 222 ddd 000 000 aaa 333 333 000 000 333 777 000 000 000 ddd 222 ccc 000 000 000 000 000 000 000
000 000 000 000 000 000 000 ccc 111 333 333 333 444 999 ddd 000 000 ddd 555 333 333 333 333 111 ccc 000 000 000 000 000 000 000
000 000 000 000 000 000 000 000 000 000 000 000 000 000 000 000 000 000 000 000 000 000 000 000 000 000 000 000 000 000 000 000
000 000 000 000 000 000 000 000 000 000 000 000 000 000 000 000 000 000 000 000 000 000 000 000 000 000 000 000 000 000 000 000
000 000 000 000 000 000 000 000 000 000 000 000 000 000 000 000 000 000 000 000 000 000 000 000 000 000 000 000 000 000 000 000
000 000 000 000 000 000 000 000 000 000 000 000 000 000 000 000 000 000 000 000 000 000 000 000 000 000 000 000 000 000 000 000
000 000 000 000 000 000 000 000 000 000 000 000 000 000 000 000 000 000 000 000 000 000 000 000 000 000 000 000 000 000 000 000
000 000 000 000 000 000 000 000 000 000 000 000 000 000 000 000 ccc 999 000 000 000 000 000 000 000 000 000 000 000 000 000 000
000 000 000 000 000 000 000 000 000 000 000 000 000 000 000 bbb 112 000 555 000 000 000 000 000 000 000 000 000 000 000 000 000
000 000 000 000 000 000 000 000 000 000 000 000 000 000 000 888 330 880 000 eee 000 000 000 000 000 000 000 000 000 000 000 000
000 000 000 000 000 000 000 000 000 000 000 000 000 000 000 889 440 ff0 220 111 ddd 000 000 000 000 000 000 000 000 000 000 000
000 000 000 000 000 000 000 000 000 000 000 000 000 000 000 889 660 ff0 aa1 000 333 888 000 000 000 000 000 000 000 000 000 000
000 000 000 000 000 000 000 000 000 000 000 000 000 000 000 889 880 ff0 ff0 770 000 112 bbb 000 000 000 000 000 000 000 000 000
000 000 000 000 000 000 000 000 000 000 000 000 000 000 000 778 770 ff0 ff0 dd0 bb0 550 667 000 000 000 000 000 000 000 000 000
000 000 000 000 000 000 000 000 000 000 000 000 ddd 777 333 111 333 333 bb0 ff0 ee0 990 110 aaa 000 000 000 000 000 000 000 000
000 000 000 000 000 000 000 000 000 000 000 000 111 555 666 333 ddd 000 222 ee0 dd0 dd0 550 99a 000 000 000 000 000 000 000 000
000 000 000 000 000 000 000 000 000 000 000 000 111 555 666 333 ddd 000 222 ee0 dd0 dd0 550 99a 000 000 000 000 000 000 000 000
000 000 000 000 000 000 000 000 000 000 000 000 aaa 988 655 333 889 877 772 ff0 881 991 550 99a 000 000 000 000 000 000 000 000
000 000 000 000 000 000 000 000 000 000 000 000 000 777 112 110 330 330 bb0 bc0 110 550 660 99a 000 000 000 000 000 000 000 000
000 000 000 000 000 000 000 000 000 000 000 000 000 000 bbb 330 aa0 9a0 510 500 000 440 660 99a 000 000 000 000 000 000 000 000
000 000 000 000 000 000 000 000 000 000 000 000 000 000 eee 455 300 800 d00 600 760 aa0 550 99a 000 000 000 000 000 000 000 000
000 000 000 000 000 000 000 000 000 000 000 000 000 000 000 899 700 700 200 bc0 dd0 de0 550 99a 000 000 000 000 000 000 000 000
000 000 000 000 000 000 000 000 000 eee eee 000 000 000 ccc 000 200 ba1 ee2 ff0 dd0 dd0 440 aaa 000 eee eee 000 000 000 000 000
000 000 000 000 000 000 000 eee aa9 999 666 999 000 eee 777 330 aa0 ee0 ff0 dd0 dd0 990 332 999 666 888 999 bbb ddd 000 000 000
000 000 000 000 000 000 000 ccc 444 eee 444 000 eee 777 000 660 ff0 ff0 ff0 dc0 ed1 770 878 666 000 cdc bbb 100 998 000 000 000
000 000 000 000 000 000 000 ccc 444 000 eee 222 eee 556 330 ee0 ff0 ff0 dd0 cc0 440 110 999 555 999 000 ddd 000 888 000 000 000
000 000 000 000 000 000 000 ccc 555 ccc 555 222 bbb 445 330 ff0 ff0 dd0 dd0 990 000 555 000 555 000 bbb aaa 333 aaa 000 000 000
000 000 000 000 000 000 000 000 ccc 555 111 ddd 111 330 990 ff0 dd0 dd0 880 000 000 666 ddd 222 444 555 777 000 000 000 000 000
000 000 000 000 000 000 000 000 000 000 555 444 101 330 990 ee0 880 550 000 888 111 222 222 666 000 000 000 000 000 000 000 000
000 000 000 000 000 000 000 000 000 eee 444 000 000 000 220 bb1 440 000 000 bbb 111 000 000 ccc 000 000 000 000 000 000 000 000
000 000 000 000 000 000 000 000 ddd 222 000 777 999 999 999 998 998 999 999 000 000 000 222 ddd 000 000 000 000 000 000 000 000
000 000 000 000 000 000 000 eee 888 666 666 888 999 999 bbb 000 000 bbb 999 000 555 666 666 888 eee 000 000 000 000 000 000 000
000 000 000 000 000 000 000 bbb 444 000 000 bbb 999 333 333 000 000 333 777 aaa 000 000 000 444 bbb 000 000 000 000 000 000 000
000 000 000 000 000 000 000 000 999 333 333 333 333 111 444 000 000 444 333 434 333 333 333 999 000 000 000 000 000 000 000 000








